,AGENT_ID,TYPE,REF_ID,PROC_ORDINAL,PID,PROC_STARTTIME,EXE_NAME,CMD
0,1,0,970276341,0,36,0,k05VTVBZAQB2AHsnZGVzY3InOiAnPGY0JywgJ2ZvcnRyYW5fb3JkZXInOiBGYWxzZSwgJ3NoYXBlJzogKDc2OCwpLCB9ICAgICAgICAgICAgICAgICAgICAgICAgICAgICAgICAgICAgICAgICAgICAgICAgICAgICAgICAgIAo8wQS+qlK6PrNMLD1e+1C9gAHxOxaRPr4DTvO9Fd0DPSLrlDxFo7S9w4goPtvd6D4+Lxq+ch0ZPDqYfz7odIc82HOaPYxvsz3OQDQ9PKelPTZOOb6A7Ra9ti1pPmBipT3JldI+zmitvC6EkD5HdXs+sp7PPBW42D5+xS+90KMovE/Lqj+c0AG+3nQ4Pqjpir0ULJi8lPCSPr3fCr6QpqQ8B8PHvl5bFLz3hGy/Sz0xPsLTvT5+3Yu8kL3gPPA7hT4ZuMO9KgbOPe++KD7DQA4+jAf3vnGgEr6YBLK9ANSXPvmfVr+gV+k9jruNvo2jrb04hwS+Afqavc2EE74EP0i+M5yuP3jN4bvb9Zg+PpItP5ESFL4RVUc9VRNJPWAvwr3cyf68IGp3vjKlxr5KWSo9uuoAvTIfCD1tpTa+vZaJPt1/rT4Gqdy94vjrPsD/iz63APq9CQfYPYi3Yz0X9wI+uikhvxrCJD6wBEU+lrdrPsRnAT/GWBS+QsEPvkgLoj5QqPw7/iHuvkQgfT3e57a9OG+TPQThVr5o7sc+EDtVvU7o8T0FJkG+VjSvPv7GKL2W5ek89170vabs0DwvhCS+zMM7PX/RaT3M2i49dkYzvmulfzzKdGE94NYlvrQkVr2E+h2/eCidPg5eYr5Zmig/EMVqvVJpkD3MsDe+7ePqvaVcIT0nx8U+LCNevxLuRb9sgs08St6GPoF58z5WOD2+seCfvTQrFD4d+MC9cRpuPkeEwb5Ydrw9uVKxPbYmsT169eA+uGzDOx61tD2kRQI+Zg++PKGFur6kw96+XjhlPa7QZj+QYIe+IuSJvb9v+r5R1SA+5sEnvoSt4j12oxC/A0N4PlnMdb5WkKc91Q3aPkBdMjxXHDQ+8IV4vug4Rb5cpEs+PJISPodDU75eJom+qQkEvwPyZ73seT48aMQ0PumOT746JKa9LFuivR4Gmj96u4W8PA5Evje7nD2JyIG+KoEvvcaXqj3E4w2+tIoKPhYMrD1P5zu+Ro2wvbdavb2gzt+6s3a8PUDbFz5KLzo+hIrvvD9ISj7/giE/Cg5JvsIQOLz/d0A+kEmtPQOruj3YTQg+6pBfPuDsTb4leDI+eXSOPsZLWz/cJLk/YLh7PdDlUTx4v4m+9MUYv5EFBT30F3i+zLOivHicOr7Sl7m97WKOvxIxFD7eBVe+lnVtvpahyTwwqJs7ihWePoUZn70kqx++LMGdvMaDmr0ffaC9AONzOXzR/TxEDd69HkVovkjYE74m+Vk9KO80vRJqc799jMe9QgPxvGFSnz5czZ4+nyflPZVHnL4I+bK8HFyYPdrACj2YzA0+aGfCvWMoKz5IIHc9G6ijPecmlb39znu+joOUvRKqt706wWk+5/e/PxZZE77djTk+JoK2PThEAr+YKb49OkcSv7g8qD1W6rY9JaqPPmz5nD7HXoc/6g4yPqDkvD2ahXs+knetvb0XKT1Q964+2KoZPBNLLb/MMxO9PHMLvqwUQb7nGn28kp2oPV4phL6m8p296mOBvkR7xj0XCrW9YgBrPeavlT62auC+XihrP1TzBT7SepO+ilydPnwzDj4UzZ0+KBIRvXkUz71jsao9GQhQPqCYhb4znSW+VwN+vpGNpb5WcrW+U3pPPbJcjz6QYA+80+IYPoqRJr/7OPW9cAAZvhp8tD3vQnG+7JIxvVSttD2cq0C90Nj+vBHuIj5cmBK+rG8GPzbAa7/ZcQw+8AHmPgCb3z0HF0y+gnicvxl4SD+ujVS/dI1avVRKtbyhVU0/uGs0v0LlAb4wwgo/dL5tvkDYPD6yuVG+htZ4v+j4Cj46zia+ZJcHPPh4Y74Sliw/b2otvjZmpjzsO0o/BRDCPeo2L776ZQ6/LZk/vopOlr7Q7f67th7OP/HGpT5kM5y9Diwdvr7IXr67bqk9PNUHvXi0gT1o0cU/dJMYP9H68r0otsu+Eu+XvOrRZb2Tqug9J8qPPfRIWD568Sk9NAK5PUA3jD1YTtq96C/9vV6eAr5oWCK9jwafPstZF7/ojd88X79YPovoxzwAnYS8NKDbv5pjPD4taAu+GpZbP/x9xryzsLA9twwhPWvxPz7h99+9F3sWvow+sD224t+9guCIPaP4mL4ZQ0y+lvMKvjL4Sr72oY69Ap2cvcKjuT0F3p8+UrYFv13+Eb75nGu+/8fQPufkqL5Tnq4/6h9Evr59pj3sogi8VpKSPRsAaz4VeJO+RhMQPeEI+D0UVZQ9T3cAPgIFfz5wng++nz2oPAobVT1d2gE+uQFVvsj777xhz729dmvqvURw5T0sjN29dYrIPoNBtr4N8ii9gbCivhoZr75Xr5o+WIpPPeIOJT6aKPG9zNsKPoTVRD46A2m+ilVBPn4auT6+ApQ/2h22vO4HH75kDAY+rtKBPlDKozsIJRS+usOmPpiFlT38Dt49lHOovanThz61WMk+gJwLvdBD8TxHf2w+/4WevjgJJz6MUai/OoqXPmhSQLyOGB2+vzEKPvIMOr/0fNQ9mraFvZo65b3p2B6+IKKLu9ILoD2GJaI/pukGPrm+sT/rv2e+znZ5vmm4Kj4j7Q+/8CHdO0jRqD25rIo9NAwhPnjOcLyT9Lq+dVlsvrru272Xaai9Gv5bPgL8jT4m8A8+QiCKPie/RT6IRia+8M4QP9mPDT0eQW4+GitBPurmkz8KkMC8oGUQvO++Nr4sHSw/XChJPQ7ADr4WzK+9cYYoPrzYPD8FqmA9oAQsPdSbET4crHi9rdMqvuv29LyfD5o/rKsmPqxXAL7cF169gGZ5PdlPlz8AMoU92sEtvxrQOb9p9jQ+iwwUvgpweL5g9um9n9aBvRaJ8L1sgSI/Jp7HvSa1B7zlc1m+1RbXvYGMeDzMnCG+ieikvnh1hj90yoM9jStiPve8EL1QAF+8F75pv/gErb2ymBe+lT52vRa0mr/4VWO+ipSgvRgaOT6mg+W9Jj+MvUHdaj6v21S+2CrNvLznWr4bVaw9MyaKPYbaWr1gHIW9pvqwPmGyAj7CtCC9LHYUvtIVOb6sM8i/+MFoPU6bQD1WJeS9f+3zPWY8Wz4dA1A/NXXKvFY5hj6mS08+YGvDPYEfjD8A7Ck+i6wevrlSNL1QRLA+pDU7Pi+ZLz/YTGxBptqLvgkwYD+NN/Q+jzCCPfK2O75Mj2i/9PwuvrEyLb5+2XW9cPfBuylwPj3TdBG+AsYxvgrcHD/IQwu+h8kOvpswFD4lO9g9ATgxvjwg1LzE0aQ+XNcMP13R5L7kfoA+DIYRva6uaz6nvC4+hWTHvTqjGb4hHPG9gZPbPkQCe76MYSe+V8QGvjf5iT9+0ku9h6/nvdJYDL48UoW/i0YOPjOyEr+duoQ+BOkpvg8xFj40u6E9JyIJvz6Ljj65VYK9elZ+vaIauD2FdRk/UqLAPXqR0rwa0gg+/+0Vvsz9AL8DwPK9sok8v+7qT77SWTi93S5YPkTWgD7OhX2/8OjXvTCJj7tw1Da9iGQUvQCwl7sKlqw9YP65Pxagej8LuQY9hhkpvcYEob4qdbu8NWX5PexwL75kK2s+rqV0vtKerDyWhNK8HSNxvURVZb7npiI9VA2EPlAuvz462ho+QmeKP7BUurp4nQq9MH4NvkGlT79asn29L69MvRCZBb6WH3a/XQ1xvj33TT4ostw9yaDYPeVg8L0LlIs9sChOPk16Jr51Xf2+xFyDPkTQi70LFVQ+SKU4PmSIlr2Z5/K9udMpvkdc572rLrA/VlkvvcgHgTtEnJe9QLBQPpa2/7w6tuE906w0P5ROQ76Ikc29rD09Pjdqpb2ia02+YeZsPCxVqT3dQ9g+tK41vtTcsD1GxI4+XtikP9LFhT0oIge9GwQyv0aBVr4O8UM+6DkGPWDlhL22n/O9Am8XPl/u3Tz3VmO/XS+KPcjYED9L0+C8klr1PcDQabvwYgY8rZOUPkZdSz0VbaC9MOS7vLlYLL5iLhQ9tCZrP/HI0j7+vrq+R/2aPjW7Or+JCGA+1KwdvhtHt71Ub9Y9gGe9PgsBMj31kHA+cBeVvvw5jD5H8uC8QbXQvqj4pj75yFu+cr9dPaF5oj4YqDy+uOR6vgoToz4=,k05VTVBZAQB2AHsnZGVzY3InOiAnPGY0JywgJ2ZvcnRyYW5fb3JkZXInOiBGYWxzZSwgJ3NoYXBlJzogKDc2OCwpLCB9ICAgICAgICAgICAgICAgICAgICAgICAgICAgICAgICAgICAgICAgICAgICAgICAgICAgICAgICAgIAo8wQS+qlK6PrNMLD1e+1C9gAHxOxaRPr4DTvO9Fd0DPSLrlDxFo7S9w4goPtvd6D4+Lxq+ch0ZPDqYfz7odIc82HOaPYxvsz3OQDQ9PKelPTZOOb6A7Ra9ti1pPmBipT3JldI+zmitvC6EkD5HdXs+sp7PPBW42D5+xS+90KMovE/Lqj+c0AG+3nQ4Pqjpir0ULJi8lPCSPr3fCr6QpqQ8B8PHvl5bFLz3hGy/Sz0xPsLTvT5+3Yu8kL3gPPA7hT4ZuMO9KgbOPe++KD7DQA4+jAf3vnGgEr6YBLK9ANSXPvmfVr+gV+k9jruNvo2jrb04hwS+Afqavc2EE74EP0i+M5yuP3jN4bvb9Zg+PpItP5ESFL4RVUc9VRNJPWAvwr3cyf68IGp3vjKlxr5KWSo9uuoAvTIfCD1tpTa+vZaJPt1/rT4Gqdy94vjrPsD/iz63APq9CQfYPYi3Yz0X9wI+uikhvxrCJD6wBEU+lrdrPsRnAT/GWBS+QsEPvkgLoj5QqPw7/iHuvkQgfT3e57a9OG+TPQThVr5o7sc+EDtVvU7o8T0FJkG+VjSvPv7GKL2W5ek89170vabs0DwvhCS+zMM7PX/RaT3M2i49dkYzvmulfzzKdGE94NYlvrQkVr2E+h2/eCidPg5eYr5Zmig/EMVqvVJpkD3MsDe+7ePqvaVcIT0nx8U+LCNevxLuRb9sgs08St6GPoF58z5WOD2+seCfvTQrFD4d+MC9cRpuPkeEwb5Ydrw9uVKxPbYmsT169eA+uGzDOx61tD2kRQI+Zg++PKGFur6kw96+XjhlPa7QZj+QYIe+IuSJvb9v+r5R1SA+5sEnvoSt4j12oxC/A0N4PlnMdb5WkKc91Q3aPkBdMjxXHDQ+8IV4vug4Rb5cpEs+PJISPodDU75eJom+qQkEvwPyZ73seT48aMQ0PumOT746JKa9LFuivR4Gmj96u4W8PA5Evje7nD2JyIG+KoEvvcaXqj3E4w2+tIoKPhYMrD1P5zu+Ro2wvbdavb2gzt+6s3a8PUDbFz5KLzo+hIrvvD9ISj7/giE/Cg5JvsIQOLz/d0A+kEmtPQOruj3YTQg+6pBfPuDsTb4leDI+eXSOPsZLWz/cJLk/YLh7PdDlUTx4v4m+9MUYv5EFBT30F3i+zLOivHicOr7Sl7m97WKOvxIxFD7eBVe+lnVtvpahyTwwqJs7ihWePoUZn70kqx++LMGdvMaDmr0ffaC9AONzOXzR/TxEDd69HkVovkjYE74m+Vk9KO80vRJqc799jMe9QgPxvGFSnz5czZ4+nyflPZVHnL4I+bK8HFyYPdrACj2YzA0+aGfCvWMoKz5IIHc9G6ijPecmlb39znu+joOUvRKqt706wWk+5/e/PxZZE77djTk+JoK2PThEAr+YKb49OkcSv7g8qD1W6rY9JaqPPmz5nD7HXoc/6g4yPqDkvD2ahXs+knetvb0XKT1Q964+2KoZPBNLLb/MMxO9PHMLvqwUQb7nGn28kp2oPV4phL6m8p296mOBvkR7xj0XCrW9YgBrPeavlT62auC+XihrP1TzBT7SepO+ilydPnwzDj4UzZ0+KBIRvXkUz71jsao9GQhQPqCYhb4znSW+VwN+vpGNpb5WcrW+U3pPPbJcjz6QYA+80+IYPoqRJr/7OPW9cAAZvhp8tD3vQnG+7JIxvVSttD2cq0C90Nj+vBHuIj5cmBK+rG8GPzbAa7/ZcQw+8AHmPgCb3z0HF0y+gnicvxl4SD+ujVS/dI1avVRKtbyhVU0/uGs0v0LlAb4wwgo/dL5tvkDYPD6yuVG+htZ4v+j4Cj46zia+ZJcHPPh4Y74Sliw/b2otvjZmpjzsO0o/BRDCPeo2L776ZQ6/LZk/vopOlr7Q7f67th7OP/HGpT5kM5y9Diwdvr7IXr67bqk9PNUHvXi0gT1o0cU/dJMYP9H68r0otsu+Eu+XvOrRZb2Tqug9J8qPPfRIWD568Sk9NAK5PUA3jD1YTtq96C/9vV6eAr5oWCK9jwafPstZF7/ojd88X79YPovoxzwAnYS8NKDbv5pjPD4taAu+GpZbP/x9xryzsLA9twwhPWvxPz7h99+9F3sWvow+sD224t+9guCIPaP4mL4ZQ0y+lvMKvjL4Sr72oY69Ap2cvcKjuT0F3p8+UrYFv13+Eb75nGu+/8fQPufkqL5Tnq4/6h9Evr59pj3sogi8VpKSPRsAaz4VeJO+RhMQPeEI+D0UVZQ9T3cAPgIFfz5wng++nz2oPAobVT1d2gE+uQFVvsj777xhz729dmvqvURw5T0sjN29dYrIPoNBtr4N8ii9gbCivhoZr75Xr5o+WIpPPeIOJT6aKPG9zNsKPoTVRD46A2m+ilVBPn4auT6+ApQ/2h22vO4HH75kDAY+rtKBPlDKozsIJRS+usOmPpiFlT38Dt49lHOovanThz61WMk+gJwLvdBD8TxHf2w+/4WevjgJJz6MUai/OoqXPmhSQLyOGB2+vzEKPvIMOr/0fNQ9mraFvZo65b3p2B6+IKKLu9ILoD2GJaI/pukGPrm+sT/rv2e+znZ5vmm4Kj4j7Q+/8CHdO0jRqD25rIo9NAwhPnjOcLyT9Lq+dVlsvrru272Xaai9Gv5bPgL8jT4m8A8+QiCKPie/RT6IRia+8M4QP9mPDT0eQW4+GitBPurmkz8KkMC8oGUQvO++Nr4sHSw/XChJPQ7ADr4WzK+9cYYoPrzYPD8FqmA9oAQsPdSbET4crHi9rdMqvuv29LyfD5o/rKsmPqxXAL7cF169gGZ5PdlPlz8AMoU92sEtvxrQOb9p9jQ+iwwUvgpweL5g9um9n9aBvRaJ8L1sgSI/Jp7HvSa1B7zlc1m+1RbXvYGMeDzMnCG+ieikvnh1hj90yoM9jStiPve8EL1QAF+8F75pv/gErb2ymBe+lT52vRa0mr/4VWO+ipSgvRgaOT6mg+W9Jj+MvUHdaj6v21S+2CrNvLznWr4bVaw9MyaKPYbaWr1gHIW9pvqwPmGyAj7CtCC9LHYUvtIVOb6sM8i/+MFoPU6bQD1WJeS9f+3zPWY8Wz4dA1A/NXXKvFY5hj6mS08+YGvDPYEfjD8A7Ck+i6wevrlSNL1QRLA+pDU7Pi+ZLz/YTGxBptqLvgkwYD+NN/Q+jzCCPfK2O75Mj2i/9PwuvrEyLb5+2XW9cPfBuylwPj3TdBG+AsYxvgrcHD/IQwu+h8kOvpswFD4lO9g9ATgxvjwg1LzE0aQ+XNcMP13R5L7kfoA+DIYRva6uaz6nvC4+hWTHvTqjGb4hHPG9gZPbPkQCe76MYSe+V8QGvjf5iT9+0ku9h6/nvdJYDL48UoW/i0YOPjOyEr+duoQ+BOkpvg8xFj40u6E9JyIJvz6Ljj65VYK9elZ+vaIauD2FdRk/UqLAPXqR0rwa0gg+/+0Vvsz9AL8DwPK9sok8v+7qT77SWTi93S5YPkTWgD7OhX2/8OjXvTCJj7tw1Da9iGQUvQCwl7sKlqw9YP65Pxagej8LuQY9hhkpvcYEob4qdbu8NWX5PexwL75kK2s+rqV0vtKerDyWhNK8HSNxvURVZb7npiI9VA2EPlAuvz462ho+QmeKP7BUurp4nQq9MH4NvkGlT79asn29L69MvRCZBb6WH3a/XQ1xvj33TT4ostw9yaDYPeVg8L0LlIs9sChOPk16Jr51Xf2+xFyDPkTQi70LFVQ+SKU4PmSIlr2Z5/K9udMpvkdc572rLrA/VlkvvcgHgTtEnJe9QLBQPpa2/7w6tuE906w0P5ROQ76Ikc29rD09Pjdqpb2ia02+YeZsPCxVqT3dQ9g+tK41vtTcsD1GxI4+XtikP9LFhT0oIge9GwQyv0aBVr4O8UM+6DkGPWDlhL22n/O9Am8XPl/u3Tz3VmO/XS+KPcjYED9L0+C8klr1PcDQabvwYgY8rZOUPkZdSz0VbaC9MOS7vLlYLL5iLhQ9tCZrP/HI0j7+vrq+R/2aPjW7Or+JCGA+1KwdvhtHt71Ub9Y9gGe9PgsBMj31kHA+cBeVvvw5jD5H8uC8QbXQvqj4pj75yFu+cr9dPaF5oj4YqDy+uOR6vgoToz4=
1,1,0,970279802,0,200,0,k05VTVBZAQB2AHsnZGVzY3InOiAnPGY0JywgJ2ZvcnRyYW5fb3JkZXInOiBGYWxzZSwgJ3NoYXBlJzogKDc2OCwpLCB9ICAgICAgICAgICAgICAgICAgICAgICAgICAgICAgICAgICAgICAgICAgICAgICAgICAgICAgICAgIAo8wQS+qlK6PrNMLD1e+1C9gAHxOxaRPr4DTvO9Fd0DPSLrlDxFo7S9w4goPtvd6D4+Lxq+ch0ZPDqYfz7odIc82HOaPYxvsz3OQDQ9PKelPTZOOb6A7Ra9ti1pPmBipT3JldI+zmitvC6EkD5HdXs+sp7PPBW42D5+xS+90KMovE/Lqj+c0AG+3nQ4Pqjpir0ULJi8lPCSPr3fCr6QpqQ8B8PHvl5bFLz3hGy/Sz0xPsLTvT5+3Yu8kL3gPPA7hT4ZuMO9KgbOPe++KD7DQA4+jAf3vnGgEr6YBLK9ANSXPvmfVr+gV+k9jruNvo2jrb04hwS+Afqavc2EE74EP0i+M5yuP3jN4bvb9Zg+PpItP5ESFL4RVUc9VRNJPWAvwr3cyf68IGp3vjKlxr5KWSo9uuoAvTIfCD1tpTa+vZaJPt1/rT4Gqdy94vjrPsD/iz63APq9CQfYPYi3Yz0X9wI+uikhvxrCJD6wBEU+lrdrPsRnAT/GWBS+QsEPvkgLoj5QqPw7/iHuvkQgfT3e57a9OG+TPQThVr5o7sc+EDtVvU7o8T0FJkG+VjSvPv7GKL2W5ek89170vabs0DwvhCS+zMM7PX/RaT3M2i49dkYzvmulfzzKdGE94NYlvrQkVr2E+h2/eCidPg5eYr5Zmig/EMVqvVJpkD3MsDe+7ePqvaVcIT0nx8U+LCNevxLuRb9sgs08St6GPoF58z5WOD2+seCfvTQrFD4d+MC9cRpuPkeEwb5Ydrw9uVKxPbYmsT169eA+uGzDOx61tD2kRQI+Zg++PKGFur6kw96+XjhlPa7QZj+QYIe+IuSJvb9v+r5R1SA+5sEnvoSt4j12oxC/A0N4PlnMdb5WkKc91Q3aPkBdMjxXHDQ+8IV4vug4Rb5cpEs+PJISPodDU75eJom+qQkEvwPyZ73seT48aMQ0PumOT746JKa9LFuivR4Gmj96u4W8PA5Evje7nD2JyIG+KoEvvcaXqj3E4w2+tIoKPhYMrD1P5zu+Ro2wvbdavb2gzt+6s3a8PUDbFz5KLzo+hIrvvD9ISj7/giE/Cg5JvsIQOLz/d0A+kEmtPQOruj3YTQg+6pBfPuDsTb4leDI+eXSOPsZLWz/cJLk/YLh7PdDlUTx4v4m+9MUYv5EFBT30F3i+zLOivHicOr7Sl7m97WKOvxIxFD7eBVe+lnVtvpahyTwwqJs7ihWePoUZn70kqx++LMGdvMaDmr0ffaC9AONzOXzR/TxEDd69HkVovkjYE74m+Vk9KO80vRJqc799jMe9QgPxvGFSnz5czZ4+nyflPZVHnL4I+bK8HFyYPdrACj2YzA0+aGfCvWMoKz5IIHc9G6ijPecmlb39znu+joOUvRKqt706wWk+5/e/PxZZE77djTk+JoK2PThEAr+YKb49OkcSv7g8qD1W6rY9JaqPPmz5nD7HXoc/6g4yPqDkvD2ahXs+knetvb0XKT1Q964+2KoZPBNLLb/MMxO9PHMLvqwUQb7nGn28kp2oPV4phL6m8p296mOBvkR7xj0XCrW9YgBrPeavlT62auC+XihrP1TzBT7SepO+ilydPnwzDj4UzZ0+KBIRvXkUz71jsao9GQhQPqCYhb4znSW+VwN+vpGNpb5WcrW+U3pPPbJcjz6QYA+80+IYPoqRJr/7OPW9cAAZvhp8tD3vQnG+7JIxvVSttD2cq0C90Nj+vBHuIj5cmBK+rG8GPzbAa7/ZcQw+8AHmPgCb3z0HF0y+gnicvxl4SD+ujVS/dI1avVRKtbyhVU0/uGs0v0LlAb4wwgo/dL5tvkDYPD6yuVG+htZ4v+j4Cj46zia+ZJcHPPh4Y74Sliw/b2otvjZmpjzsO0o/BRDCPeo2L776ZQ6/LZk/vopOlr7Q7f67th7OP/HGpT5kM5y9Diwdvr7IXr67bqk9PNUHvXi0gT1o0cU/dJMYP9H68r0otsu+Eu+XvOrRZb2Tqug9J8qPPfRIWD568Sk9NAK5PUA3jD1YTtq96C/9vV6eAr5oWCK9jwafPstZF7/ojd88X79YPovoxzwAnYS8NKDbv5pjPD4taAu+GpZbP/x9xryzsLA9twwhPWvxPz7h99+9F3sWvow+sD224t+9guCIPaP4mL4ZQ0y+lvMKvjL4Sr72oY69Ap2cvcKjuT0F3p8+UrYFv13+Eb75nGu+/8fQPufkqL5Tnq4/6h9Evr59pj3sogi8VpKSPRsAaz4VeJO+RhMQPeEI+D0UVZQ9T3cAPgIFfz5wng++nz2oPAobVT1d2gE+uQFVvsj777xhz729dmvqvURw5T0sjN29dYrIPoNBtr4N8ii9gbCivhoZr75Xr5o+WIpPPeIOJT6aKPG9zNsKPoTVRD46A2m+ilVBPn4auT6+ApQ/2h22vO4HH75kDAY+rtKBPlDKozsIJRS+usOmPpiFlT38Dt49lHOovanThz61WMk+gJwLvdBD8TxHf2w+/4WevjgJJz6MUai/OoqXPmhSQLyOGB2+vzEKPvIMOr/0fNQ9mraFvZo65b3p2B6+IKKLu9ILoD2GJaI/pukGPrm+sT/rv2e+znZ5vmm4Kj4j7Q+/8CHdO0jRqD25rIo9NAwhPnjOcLyT9Lq+dVlsvrru272Xaai9Gv5bPgL8jT4m8A8+QiCKPie/RT6IRia+8M4QP9mPDT0eQW4+GitBPurmkz8KkMC8oGUQvO++Nr4sHSw/XChJPQ7ADr4WzK+9cYYoPrzYPD8FqmA9oAQsPdSbET4crHi9rdMqvuv29LyfD5o/rKsmPqxXAL7cF169gGZ5PdlPlz8AMoU92sEtvxrQOb9p9jQ+iwwUvgpweL5g9um9n9aBvRaJ8L1sgSI/Jp7HvSa1B7zlc1m+1RbXvYGMeDzMnCG+ieikvnh1hj90yoM9jStiPve8EL1QAF+8F75pv/gErb2ymBe+lT52vRa0mr/4VWO+ipSgvRgaOT6mg+W9Jj+MvUHdaj6v21S+2CrNvLznWr4bVaw9MyaKPYbaWr1gHIW9pvqwPmGyAj7CtCC9LHYUvtIVOb6sM8i/+MFoPU6bQD1WJeS9f+3zPWY8Wz4dA1A/NXXKvFY5hj6mS08+YGvDPYEfjD8A7Ck+i6wevrlSNL1QRLA+pDU7Pi+ZLz/YTGxBptqLvgkwYD+NN/Q+jzCCPfK2O75Mj2i/9PwuvrEyLb5+2XW9cPfBuylwPj3TdBG+AsYxvgrcHD/IQwu+h8kOvpswFD4lO9g9ATgxvjwg1LzE0aQ+XNcMP13R5L7kfoA+DIYRva6uaz6nvC4+hWTHvTqjGb4hHPG9gZPbPkQCe76MYSe+V8QGvjf5iT9+0ku9h6/nvdJYDL48UoW/i0YOPjOyEr+duoQ+BOkpvg8xFj40u6E9JyIJvz6Ljj65VYK9elZ+vaIauD2FdRk/UqLAPXqR0rwa0gg+/+0Vvsz9AL8DwPK9sok8v+7qT77SWTi93S5YPkTWgD7OhX2/8OjXvTCJj7tw1Da9iGQUvQCwl7sKlqw9YP65Pxagej8LuQY9hhkpvcYEob4qdbu8NWX5PexwL75kK2s+rqV0vtKerDyWhNK8HSNxvURVZb7npiI9VA2EPlAuvz462ho+QmeKP7BUurp4nQq9MH4NvkGlT79asn29L69MvRCZBb6WH3a/XQ1xvj33TT4ostw9yaDYPeVg8L0LlIs9sChOPk16Jr51Xf2+xFyDPkTQi70LFVQ+SKU4PmSIlr2Z5/K9udMpvkdc572rLrA/VlkvvcgHgTtEnJe9QLBQPpa2/7w6tuE906w0P5ROQ76Ikc29rD09Pjdqpb2ia02+YeZsPCxVqT3dQ9g+tK41vtTcsD1GxI4+XtikP9LFhT0oIge9GwQyv0aBVr4O8UM+6DkGPWDlhL22n/O9Am8XPl/u3Tz3VmO/XS+KPcjYED9L0+C8klr1PcDQabvwYgY8rZOUPkZdSz0VbaC9MOS7vLlYLL5iLhQ9tCZrP/HI0j7+vrq+R/2aPjW7Or+JCGA+1KwdvhtHt71Ub9Y9gGe9PgsBMj31kHA+cBeVvvw5jD5H8uC8QbXQvqj4pj75yFu+cr9dPaF5oj4YqDy+uOR6vgoToz4=,k05VTVBZAQB2AHsnZGVzY3InOiAnPGY0JywgJ2ZvcnRyYW5fb3JkZXInOiBGYWxzZSwgJ3NoYXBlJzogKDc2OCwpLCB9ICAgICAgICAgICAgICAgICAgICAgICAgICAgICAgICAgICAgICAgICAgICAgICAgICAgICAgICAgIAo8wQS+qlK6PrNMLD1e+1C9gAHxOxaRPr4DTvO9Fd0DPSLrlDxFo7S9w4goPtvd6D4+Lxq+ch0ZPDqYfz7odIc82HOaPYxvsz3OQDQ9PKelPTZOOb6A7Ra9ti1pPmBipT3JldI+zmitvC6EkD5HdXs+sp7PPBW42D5+xS+90KMovE/Lqj+c0AG+3nQ4Pqjpir0ULJi8lPCSPr3fCr6QpqQ8B8PHvl5bFLz3hGy/Sz0xPsLTvT5+3Yu8kL3gPPA7hT4ZuMO9KgbOPe++KD7DQA4+jAf3vnGgEr6YBLK9ANSXPvmfVr+gV+k9jruNvo2jrb04hwS+Afqavc2EE74EP0i+M5yuP3jN4bvb9Zg+PpItP5ESFL4RVUc9VRNJPWAvwr3cyf68IGp3vjKlxr5KWSo9uuoAvTIfCD1tpTa+vZaJPt1/rT4Gqdy94vjrPsD/iz63APq9CQfYPYi3Yz0X9wI+uikhvxrCJD6wBEU+lrdrPsRnAT/GWBS+QsEPvkgLoj5QqPw7/iHuvkQgfT3e57a9OG+TPQThVr5o7sc+EDtVvU7o8T0FJkG+VjSvPv7GKL2W5ek89170vabs0DwvhCS+zMM7PX/RaT3M2i49dkYzvmulfzzKdGE94NYlvrQkVr2E+h2/eCidPg5eYr5Zmig/EMVqvVJpkD3MsDe+7ePqvaVcIT0nx8U+LCNevxLuRb9sgs08St6GPoF58z5WOD2+seCfvTQrFD4d+MC9cRpuPkeEwb5Ydrw9uVKxPbYmsT169eA+uGzDOx61tD2kRQI+Zg++PKGFur6kw96+XjhlPa7QZj+QYIe+IuSJvb9v+r5R1SA+5sEnvoSt4j12oxC/A0N4PlnMdb5WkKc91Q3aPkBdMjxXHDQ+8IV4vug4Rb5cpEs+PJISPodDU75eJom+qQkEvwPyZ73seT48aMQ0PumOT746JKa9LFuivR4Gmj96u4W8PA5Evje7nD2JyIG+KoEvvcaXqj3E4w2+tIoKPhYMrD1P5zu+Ro2wvbdavb2gzt+6s3a8PUDbFz5KLzo+hIrvvD9ISj7/giE/Cg5JvsIQOLz/d0A+kEmtPQOruj3YTQg+6pBfPuDsTb4leDI+eXSOPsZLWz/cJLk/YLh7PdDlUTx4v4m+9MUYv5EFBT30F3i+zLOivHicOr7Sl7m97WKOvxIxFD7eBVe+lnVtvpahyTwwqJs7ihWePoUZn70kqx++LMGdvMaDmr0ffaC9AONzOXzR/TxEDd69HkVovkjYE74m+Vk9KO80vRJqc799jMe9QgPxvGFSnz5czZ4+nyflPZVHnL4I+bK8HFyYPdrACj2YzA0+aGfCvWMoKz5IIHc9G6ijPecmlb39znu+joOUvRKqt706wWk+5/e/PxZZE77djTk+JoK2PThEAr+YKb49OkcSv7g8qD1W6rY9JaqPPmz5nD7HXoc/6g4yPqDkvD2ahXs+knetvb0XKT1Q964+2KoZPBNLLb/MMxO9PHMLvqwUQb7nGn28kp2oPV4phL6m8p296mOBvkR7xj0XCrW9YgBrPeavlT62auC+XihrP1TzBT7SepO+ilydPnwzDj4UzZ0+KBIRvXkUz71jsao9GQhQPqCYhb4znSW+VwN+vpGNpb5WcrW+U3pPPbJcjz6QYA+80+IYPoqRJr/7OPW9cAAZvhp8tD3vQnG+7JIxvVSttD2cq0C90Nj+vBHuIj5cmBK+rG8GPzbAa7/ZcQw+8AHmPgCb3z0HF0y+gnicvxl4SD+ujVS/dI1avVRKtbyhVU0/uGs0v0LlAb4wwgo/dL5tvkDYPD6yuVG+htZ4v+j4Cj46zia+ZJcHPPh4Y74Sliw/b2otvjZmpjzsO0o/BRDCPeo2L776ZQ6/LZk/vopOlr7Q7f67th7OP/HGpT5kM5y9Diwdvr7IXr67bqk9PNUHvXi0gT1o0cU/dJMYP9H68r0otsu+Eu+XvOrRZb2Tqug9J8qPPfRIWD568Sk9NAK5PUA3jD1YTtq96C/9vV6eAr5oWCK9jwafPstZF7/ojd88X79YPovoxzwAnYS8NKDbv5pjPD4taAu+GpZbP/x9xryzsLA9twwhPWvxPz7h99+9F3sWvow+sD224t+9guCIPaP4mL4ZQ0y+lvMKvjL4Sr72oY69Ap2cvcKjuT0F3p8+UrYFv13+Eb75nGu+/8fQPufkqL5Tnq4/6h9Evr59pj3sogi8VpKSPRsAaz4VeJO+RhMQPeEI+D0UVZQ9T3cAPgIFfz5wng++nz2oPAobVT1d2gE+uQFVvsj777xhz729dmvqvURw5T0sjN29dYrIPoNBtr4N8ii9gbCivhoZr75Xr5o+WIpPPeIOJT6aKPG9zNsKPoTVRD46A2m+ilVBPn4auT6+ApQ/2h22vO4HH75kDAY+rtKBPlDKozsIJRS+usOmPpiFlT38Dt49lHOovanThz61WMk+gJwLvdBD8TxHf2w+/4WevjgJJz6MUai/OoqXPmhSQLyOGB2+vzEKPvIMOr/0fNQ9mraFvZo65b3p2B6+IKKLu9ILoD2GJaI/pukGPrm+sT/rv2e+znZ5vmm4Kj4j7Q+/8CHdO0jRqD25rIo9NAwhPnjOcLyT9Lq+dVlsvrru272Xaai9Gv5bPgL8jT4m8A8+QiCKPie/RT6IRia+8M4QP9mPDT0eQW4+GitBPurmkz8KkMC8oGUQvO++Nr4sHSw/XChJPQ7ADr4WzK+9cYYoPrzYPD8FqmA9oAQsPdSbET4crHi9rdMqvuv29LyfD5o/rKsmPqxXAL7cF169gGZ5PdlPlz8AMoU92sEtvxrQOb9p9jQ+iwwUvgpweL5g9um9n9aBvRaJ8L1sgSI/Jp7HvSa1B7zlc1m+1RbXvYGMeDzMnCG+ieikvnh1hj90yoM9jStiPve8EL1QAF+8F75pv/gErb2ymBe+lT52vRa0mr/4VWO+ipSgvRgaOT6mg+W9Jj+MvUHdaj6v21S+2CrNvLznWr4bVaw9MyaKPYbaWr1gHIW9pvqwPmGyAj7CtCC9LHYUvtIVOb6sM8i/+MFoPU6bQD1WJeS9f+3zPWY8Wz4dA1A/NXXKvFY5hj6mS08+YGvDPYEfjD8A7Ck+i6wevrlSNL1QRLA+pDU7Pi+ZLz/YTGxBptqLvgkwYD+NN/Q+jzCCPfK2O75Mj2i/9PwuvrEyLb5+2XW9cPfBuylwPj3TdBG+AsYxvgrcHD/IQwu+h8kOvpswFD4lO9g9ATgxvjwg1LzE0aQ+XNcMP13R5L7kfoA+DIYRva6uaz6nvC4+hWTHvTqjGb4hHPG9gZPbPkQCe76MYSe+V8QGvjf5iT9+0ku9h6/nvdJYDL48UoW/i0YOPjOyEr+duoQ+BOkpvg8xFj40u6E9JyIJvz6Ljj65VYK9elZ+vaIauD2FdRk/UqLAPXqR0rwa0gg+/+0Vvsz9AL8DwPK9sok8v+7qT77SWTi93S5YPkTWgD7OhX2/8OjXvTCJj7tw1Da9iGQUvQCwl7sKlqw9YP65Pxagej8LuQY9hhkpvcYEob4qdbu8NWX5PexwL75kK2s+rqV0vtKerDyWhNK8HSNxvURVZb7npiI9VA2EPlAuvz462ho+QmeKP7BUurp4nQq9MH4NvkGlT79asn29L69MvRCZBb6WH3a/XQ1xvj33TT4ostw9yaDYPeVg8L0LlIs9sChOPk16Jr51Xf2+xFyDPkTQi70LFVQ+SKU4PmSIlr2Z5/K9udMpvkdc572rLrA/VlkvvcgHgTtEnJe9QLBQPpa2/7w6tuE906w0P5ROQ76Ikc29rD09Pjdqpb2ia02+YeZsPCxVqT3dQ9g+tK41vtTcsD1GxI4+XtikP9LFhT0oIge9GwQyv0aBVr4O8UM+6DkGPWDlhL22n/O9Am8XPl/u3Tz3VmO/XS+KPcjYED9L0+C8klr1PcDQabvwYgY8rZOUPkZdSz0VbaC9MOS7vLlYLL5iLhQ9tCZrP/HI0j7+vrq+R/2aPjW7Or+JCGA+1KwdvhtHt71Ub9Y9gGe9PgsBMj31kHA+cBeVvvw5jD5H8uC8QbXQvqj4pj75yFu+cr9dPaF5oj4YqDy+uOR6vgoToz4=
2,1,0,970279803,0,2440,0,k05VTVBZAQB2AHsnZGVzY3InOiAnPGY0JywgJ2ZvcnRyYW5fb3JkZXInOiBGYWxzZSwgJ3NoYXBlJzogKDc2OCwpLCB9ICAgICAgICAgICAgICAgICAgICAgICAgICAgICAgICAgICAgICAgICAgICAgICAgICAgICAgICAgIAo8wQS+qlK6PrNMLD1e+1C9gAHxOxaRPr4DTvO9Fd0DPSLrlDxFo7S9w4goPtvd6D4+Lxq+ch0ZPDqYfz7odIc82HOaPYxvsz3OQDQ9PKelPTZOOb6A7Ra9ti1pPmBipT3JldI+zmitvC6EkD5HdXs+sp7PPBW42D5+xS+90KMovE/Lqj+c0AG+3nQ4Pqjpir0ULJi8lPCSPr3fCr6QpqQ8B8PHvl5bFLz3hGy/Sz0xPsLTvT5+3Yu8kL3gPPA7hT4ZuMO9KgbOPe++KD7DQA4+jAf3vnGgEr6YBLK9ANSXPvmfVr+gV+k9jruNvo2jrb04hwS+Afqavc2EE74EP0i+M5yuP3jN4bvb9Zg+PpItP5ESFL4RVUc9VRNJPWAvwr3cyf68IGp3vjKlxr5KWSo9uuoAvTIfCD1tpTa+vZaJPt1/rT4Gqdy94vjrPsD/iz63APq9CQfYPYi3Yz0X9wI+uikhvxrCJD6wBEU+lrdrPsRnAT/GWBS+QsEPvkgLoj5QqPw7/iHuvkQgfT3e57a9OG+TPQThVr5o7sc+EDtVvU7o8T0FJkG+VjSvPv7GKL2W5ek89170vabs0DwvhCS+zMM7PX/RaT3M2i49dkYzvmulfzzKdGE94NYlvrQkVr2E+h2/eCidPg5eYr5Zmig/EMVqvVJpkD3MsDe+7ePqvaVcIT0nx8U+LCNevxLuRb9sgs08St6GPoF58z5WOD2+seCfvTQrFD4d+MC9cRpuPkeEwb5Ydrw9uVKxPbYmsT169eA+uGzDOx61tD2kRQI+Zg++PKGFur6kw96+XjhlPa7QZj+QYIe+IuSJvb9v+r5R1SA+5sEnvoSt4j12oxC/A0N4PlnMdb5WkKc91Q3aPkBdMjxXHDQ+8IV4vug4Rb5cpEs+PJISPodDU75eJom+qQkEvwPyZ73seT48aMQ0PumOT746JKa9LFuivR4Gmj96u4W8PA5Evje7nD2JyIG+KoEvvcaXqj3E4w2+tIoKPhYMrD1P5zu+Ro2wvbdavb2gzt+6s3a8PUDbFz5KLzo+hIrvvD9ISj7/giE/Cg5JvsIQOLz/d0A+kEmtPQOruj3YTQg+6pBfPuDsTb4leDI+eXSOPsZLWz/cJLk/YLh7PdDlUTx4v4m+9MUYv5EFBT30F3i+zLOivHicOr7Sl7m97WKOvxIxFD7eBVe+lnVtvpahyTwwqJs7ihWePoUZn70kqx++LMGdvMaDmr0ffaC9AONzOXzR/TxEDd69HkVovkjYE74m+Vk9KO80vRJqc799jMe9QgPxvGFSnz5czZ4+nyflPZVHnL4I+bK8HFyYPdrACj2YzA0+aGfCvWMoKz5IIHc9G6ijPecmlb39znu+joOUvRKqt706wWk+5/e/PxZZE77djTk+JoK2PThEAr+YKb49OkcSv7g8qD1W6rY9JaqPPmz5nD7HXoc/6g4yPqDkvD2ahXs+knetvb0XKT1Q964+2KoZPBNLLb/MMxO9PHMLvqwUQb7nGn28kp2oPV4phL6m8p296mOBvkR7xj0XCrW9YgBrPeavlT62auC+XihrP1TzBT7SepO+ilydPnwzDj4UzZ0+KBIRvXkUz71jsao9GQhQPqCYhb4znSW+VwN+vpGNpb5WcrW+U3pPPbJcjz6QYA+80+IYPoqRJr/7OPW9cAAZvhp8tD3vQnG+7JIxvVSttD2cq0C90Nj+vBHuIj5cmBK+rG8GPzbAa7/ZcQw+8AHmPgCb3z0HF0y+gnicvxl4SD+ujVS/dI1avVRKtbyhVU0/uGs0v0LlAb4wwgo/dL5tvkDYPD6yuVG+htZ4v+j4Cj46zia+ZJcHPPh4Y74Sliw/b2otvjZmpjzsO0o/BRDCPeo2L776ZQ6/LZk/vopOlr7Q7f67th7OP/HGpT5kM5y9Diwdvr7IXr67bqk9PNUHvXi0gT1o0cU/dJMYP9H68r0otsu+Eu+XvOrRZb2Tqug9J8qPPfRIWD568Sk9NAK5PUA3jD1YTtq96C/9vV6eAr5oWCK9jwafPstZF7/ojd88X79YPovoxzwAnYS8NKDbv5pjPD4taAu+GpZbP/x9xryzsLA9twwhPWvxPz7h99+9F3sWvow+sD224t+9guCIPaP4mL4ZQ0y+lvMKvjL4Sr72oY69Ap2cvcKjuT0F3p8+UrYFv13+Eb75nGu+/8fQPufkqL5Tnq4/6h9Evr59pj3sogi8VpKSPRsAaz4VeJO+RhMQPeEI+D0UVZQ9T3cAPgIFfz5wng++nz2oPAobVT1d2gE+uQFVvsj777xhz729dmvqvURw5T0sjN29dYrIPoNBtr4N8ii9gbCivhoZr75Xr5o+WIpPPeIOJT6aKPG9zNsKPoTVRD46A2m+ilVBPn4auT6+ApQ/2h22vO4HH75kDAY+rtKBPlDKozsIJRS+usOmPpiFlT38Dt49lHOovanThz61WMk+gJwLvdBD8TxHf2w+/4WevjgJJz6MUai/OoqXPmhSQLyOGB2+vzEKPvIMOr/0fNQ9mraFvZo65b3p2B6+IKKLu9ILoD2GJaI/pukGPrm+sT/rv2e+znZ5vmm4Kj4j7Q+/8CHdO0jRqD25rIo9NAwhPnjOcLyT9Lq+dVlsvrru272Xaai9Gv5bPgL8jT4m8A8+QiCKPie/RT6IRia+8M4QP9mPDT0eQW4+GitBPurmkz8KkMC8oGUQvO++Nr4sHSw/XChJPQ7ADr4WzK+9cYYoPrzYPD8FqmA9oAQsPdSbET4crHi9rdMqvuv29LyfD5o/rKsmPqxXAL7cF169gGZ5PdlPlz8AMoU92sEtvxrQOb9p9jQ+iwwUvgpweL5g9um9n9aBvRaJ8L1sgSI/Jp7HvSa1B7zlc1m+1RbXvYGMeDzMnCG+ieikvnh1hj90yoM9jStiPve8EL1QAF+8F75pv/gErb2ymBe+lT52vRa0mr/4VWO+ipSgvRgaOT6mg+W9Jj+MvUHdaj6v21S+2CrNvLznWr4bVaw9MyaKPYbaWr1gHIW9pvqwPmGyAj7CtCC9LHYUvtIVOb6sM8i/+MFoPU6bQD1WJeS9f+3zPWY8Wz4dA1A/NXXKvFY5hj6mS08+YGvDPYEfjD8A7Ck+i6wevrlSNL1QRLA+pDU7Pi+ZLz/YTGxBptqLvgkwYD+NN/Q+jzCCPfK2O75Mj2i/9PwuvrEyLb5+2XW9cPfBuylwPj3TdBG+AsYxvgrcHD/IQwu+h8kOvpswFD4lO9g9ATgxvjwg1LzE0aQ+XNcMP13R5L7kfoA+DIYRva6uaz6nvC4+hWTHvTqjGb4hHPG9gZPbPkQCe76MYSe+V8QGvjf5iT9+0ku9h6/nvdJYDL48UoW/i0YOPjOyEr+duoQ+BOkpvg8xFj40u6E9JyIJvz6Ljj65VYK9elZ+vaIauD2FdRk/UqLAPXqR0rwa0gg+/+0Vvsz9AL8DwPK9sok8v+7qT77SWTi93S5YPkTWgD7OhX2/8OjXvTCJj7tw1Da9iGQUvQCwl7sKlqw9YP65Pxagej8LuQY9hhkpvcYEob4qdbu8NWX5PexwL75kK2s+rqV0vtKerDyWhNK8HSNxvURVZb7npiI9VA2EPlAuvz462ho+QmeKP7BUurp4nQq9MH4NvkGlT79asn29L69MvRCZBb6WH3a/XQ1xvj33TT4ostw9yaDYPeVg8L0LlIs9sChOPk16Jr51Xf2+xFyDPkTQi70LFVQ+SKU4PmSIlr2Z5/K9udMpvkdc572rLrA/VlkvvcgHgTtEnJe9QLBQPpa2/7w6tuE906w0P5ROQ76Ikc29rD09Pjdqpb2ia02+YeZsPCxVqT3dQ9g+tK41vtTcsD1GxI4+XtikP9LFhT0oIge9GwQyv0aBVr4O8UM+6DkGPWDlhL22n/O9Am8XPl/u3Tz3VmO/XS+KPcjYED9L0+C8klr1PcDQabvwYgY8rZOUPkZdSz0VbaC9MOS7vLlYLL5iLhQ9tCZrP/HI0j7+vrq+R/2aPjW7Or+JCGA+1KwdvhtHt71Ub9Y9gGe9PgsBMj31kHA+cBeVvvw5jD5H8uC8QbXQvqj4pj75yFu+cr9dPaF5oj4YqDy+uOR6vgoToz4=,k05VTVBZAQB2AHsnZGVzY3InOiAnPGY0JywgJ2ZvcnRyYW5fb3JkZXInOiBGYWxzZSwgJ3NoYXBlJzogKDc2OCwpLCB9ICAgICAgICAgICAgICAgICAgICAgICAgICAgICAgICAgICAgICAgICAgICAgICAgICAgICAgICAgIAo8wQS+qlK6PrNMLD1e+1C9gAHxOxaRPr4DTvO9Fd0DPSLrlDxFo7S9w4goPtvd6D4+Lxq+ch0ZPDqYfz7odIc82HOaPYxvsz3OQDQ9PKelPTZOOb6A7Ra9ti1pPmBipT3JldI+zmitvC6EkD5HdXs+sp7PPBW42D5+xS+90KMovE/Lqj+c0AG+3nQ4Pqjpir0ULJi8lPCSPr3fCr6QpqQ8B8PHvl5bFLz3hGy/Sz0xPsLTvT5+3Yu8kL3gPPA7hT4ZuMO9KgbOPe++KD7DQA4+jAf3vnGgEr6YBLK9ANSXPvmfVr+gV+k9jruNvo2jrb04hwS+Afqavc2EE74EP0i+M5yuP3jN4bvb9Zg+PpItP5ESFL4RVUc9VRNJPWAvwr3cyf68IGp3vjKlxr5KWSo9uuoAvTIfCD1tpTa+vZaJPt1/rT4Gqdy94vjrPsD/iz63APq9CQfYPYi3Yz0X9wI+uikhvxrCJD6wBEU+lrdrPsRnAT/GWBS+QsEPvkgLoj5QqPw7/iHuvkQgfT3e57a9OG+TPQThVr5o7sc+EDtVvU7o8T0FJkG+VjSvPv7GKL2W5ek89170vabs0DwvhCS+zMM7PX/RaT3M2i49dkYzvmulfzzKdGE94NYlvrQkVr2E+h2/eCidPg5eYr5Zmig/EMVqvVJpkD3MsDe+7ePqvaVcIT0nx8U+LCNevxLuRb9sgs08St6GPoF58z5WOD2+seCfvTQrFD4d+MC9cRpuPkeEwb5Ydrw9uVKxPbYmsT169eA+uGzDOx61tD2kRQI+Zg++PKGFur6kw96+XjhlPa7QZj+QYIe+IuSJvb9v+r5R1SA+5sEnvoSt4j12oxC/A0N4PlnMdb5WkKc91Q3aPkBdMjxXHDQ+8IV4vug4Rb5cpEs+PJISPodDU75eJom+qQkEvwPyZ73seT48aMQ0PumOT746JKa9LFuivR4Gmj96u4W8PA5Evje7nD2JyIG+KoEvvcaXqj3E4w2+tIoKPhYMrD1P5zu+Ro2wvbdavb2gzt+6s3a8PUDbFz5KLzo+hIrvvD9ISj7/giE/Cg5JvsIQOLz/d0A+kEmtPQOruj3YTQg+6pBfPuDsTb4leDI+eXSOPsZLWz/cJLk/YLh7PdDlUTx4v4m+9MUYv5EFBT30F3i+zLOivHicOr7Sl7m97WKOvxIxFD7eBVe+lnVtvpahyTwwqJs7ihWePoUZn70kqx++LMGdvMaDmr0ffaC9AONzOXzR/TxEDd69HkVovkjYE74m+Vk9KO80vRJqc799jMe9QgPxvGFSnz5czZ4+nyflPZVHnL4I+bK8HFyYPdrACj2YzA0+aGfCvWMoKz5IIHc9G6ijPecmlb39znu+joOUvRKqt706wWk+5/e/PxZZE77djTk+JoK2PThEAr+YKb49OkcSv7g8qD1W6rY9JaqPPmz5nD7HXoc/6g4yPqDkvD2ahXs+knetvb0XKT1Q964+2KoZPBNLLb/MMxO9PHMLvqwUQb7nGn28kp2oPV4phL6m8p296mOBvkR7xj0XCrW9YgBrPeavlT62auC+XihrP1TzBT7SepO+ilydPnwzDj4UzZ0+KBIRvXkUz71jsao9GQhQPqCYhb4znSW+VwN+vpGNpb5WcrW+U3pPPbJcjz6QYA+80+IYPoqRJr/7OPW9cAAZvhp8tD3vQnG+7JIxvVSttD2cq0C90Nj+vBHuIj5cmBK+rG8GPzbAa7/ZcQw+8AHmPgCb3z0HF0y+gnicvxl4SD+ujVS/dI1avVRKtbyhVU0/uGs0v0LlAb4wwgo/dL5tvkDYPD6yuVG+htZ4v+j4Cj46zia+ZJcHPPh4Y74Sliw/b2otvjZmpjzsO0o/BRDCPeo2L776ZQ6/LZk/vopOlr7Q7f67th7OP/HGpT5kM5y9Diwdvr7IXr67bqk9PNUHvXi0gT1o0cU/dJMYP9H68r0otsu+Eu+XvOrRZb2Tqug9J8qPPfRIWD568Sk9NAK5PUA3jD1YTtq96C/9vV6eAr5oWCK9jwafPstZF7/ojd88X79YPovoxzwAnYS8NKDbv5pjPD4taAu+GpZbP/x9xryzsLA9twwhPWvxPz7h99+9F3sWvow+sD224t+9guCIPaP4mL4ZQ0y+lvMKvjL4Sr72oY69Ap2cvcKjuT0F3p8+UrYFv13+Eb75nGu+/8fQPufkqL5Tnq4/6h9Evr59pj3sogi8VpKSPRsAaz4VeJO+RhMQPeEI+D0UVZQ9T3cAPgIFfz5wng++nz2oPAobVT1d2gE+uQFVvsj777xhz729dmvqvURw5T0sjN29dYrIPoNBtr4N8ii9gbCivhoZr75Xr5o+WIpPPeIOJT6aKPG9zNsKPoTVRD46A2m+ilVBPn4auT6+ApQ/2h22vO4HH75kDAY+rtKBPlDKozsIJRS+usOmPpiFlT38Dt49lHOovanThz61WMk+gJwLvdBD8TxHf2w+/4WevjgJJz6MUai/OoqXPmhSQLyOGB2+vzEKPvIMOr/0fNQ9mraFvZo65b3p2B6+IKKLu9ILoD2GJaI/pukGPrm+sT/rv2e+znZ5vmm4Kj4j7Q+/8CHdO0jRqD25rIo9NAwhPnjOcLyT9Lq+dVlsvrru272Xaai9Gv5bPgL8jT4m8A8+QiCKPie/RT6IRia+8M4QP9mPDT0eQW4+GitBPurmkz8KkMC8oGUQvO++Nr4sHSw/XChJPQ7ADr4WzK+9cYYoPrzYPD8FqmA9oAQsPdSbET4crHi9rdMqvuv29LyfD5o/rKsmPqxXAL7cF169gGZ5PdlPlz8AMoU92sEtvxrQOb9p9jQ+iwwUvgpweL5g9um9n9aBvRaJ8L1sgSI/Jp7HvSa1B7zlc1m+1RbXvYGMeDzMnCG+ieikvnh1hj90yoM9jStiPve8EL1QAF+8F75pv/gErb2ymBe+lT52vRa0mr/4VWO+ipSgvRgaOT6mg+W9Jj+MvUHdaj6v21S+2CrNvLznWr4bVaw9MyaKPYbaWr1gHIW9pvqwPmGyAj7CtCC9LHYUvtIVOb6sM8i/+MFoPU6bQD1WJeS9f+3zPWY8Wz4dA1A/NXXKvFY5hj6mS08+YGvDPYEfjD8A7Ck+i6wevrlSNL1QRLA+pDU7Pi+ZLz/YTGxBptqLvgkwYD+NN/Q+jzCCPfK2O75Mj2i/9PwuvrEyLb5+2XW9cPfBuylwPj3TdBG+AsYxvgrcHD/IQwu+h8kOvpswFD4lO9g9ATgxvjwg1LzE0aQ+XNcMP13R5L7kfoA+DIYRva6uaz6nvC4+hWTHvTqjGb4hHPG9gZPbPkQCe76MYSe+V8QGvjf5iT9+0ku9h6/nvdJYDL48UoW/i0YOPjOyEr+duoQ+BOkpvg8xFj40u6E9JyIJvz6Ljj65VYK9elZ+vaIauD2FdRk/UqLAPXqR0rwa0gg+/+0Vvsz9AL8DwPK9sok8v+7qT77SWTi93S5YPkTWgD7OhX2/8OjXvTCJj7tw1Da9iGQUvQCwl7sKlqw9YP65Pxagej8LuQY9hhkpvcYEob4qdbu8NWX5PexwL75kK2s+rqV0vtKerDyWhNK8HSNxvURVZb7npiI9VA2EPlAuvz462ho+QmeKP7BUurp4nQq9MH4NvkGlT79asn29L69MvRCZBb6WH3a/XQ1xvj33TT4ostw9yaDYPeVg8L0LlIs9sChOPk16Jr51Xf2+xFyDPkTQi70LFVQ+SKU4PmSIlr2Z5/K9udMpvkdc572rLrA/VlkvvcgHgTtEnJe9QLBQPpa2/7w6tuE906w0P5ROQ76Ikc29rD09Pjdqpb2ia02+YeZsPCxVqT3dQ9g+tK41vtTcsD1GxI4+XtikP9LFhT0oIge9GwQyv0aBVr4O8UM+6DkGPWDlhL22n/O9Am8XPl/u3Tz3VmO/XS+KPcjYED9L0+C8klr1PcDQabvwYgY8rZOUPkZdSz0VbaC9MOS7vLlYLL5iLhQ9tCZrP/HI0j7+vrq+R/2aPjW7Or+JCGA+1KwdvhtHt71Ub9Y9gGe9PgsBMj31kHA+cBeVvvw5jD5H8uC8QbXQvqj4pj75yFu+cr9dPaF5oj4YqDy+uOR6vgoToz4=
3,1,0,970304013,0,5516,0,k05VTVBZAQB2AHsnZGVzY3InOiAnPGY0JywgJ2ZvcnRyYW5fb3JkZXInOiBGYWxzZSwgJ3NoYXBlJzogKDc2OCwpLCB9ICAgICAgICAgICAgICAgICAgICAgICAgICAgICAgICAgICAgICAgICAgICAgICAgICAgICAgICAgIAo8wQS+qlK6PrNMLD1e+1C9gAHxOxaRPr4DTvO9Fd0DPSLrlDxFo7S9w4goPtvd6D4+Lxq+ch0ZPDqYfz7odIc82HOaPYxvsz3OQDQ9PKelPTZOOb6A7Ra9ti1pPmBipT3JldI+zmitvC6EkD5HdXs+sp7PPBW42D5+xS+90KMovE/Lqj+c0AG+3nQ4Pqjpir0ULJi8lPCSPr3fCr6QpqQ8B8PHvl5bFLz3hGy/Sz0xPsLTvT5+3Yu8kL3gPPA7hT4ZuMO9KgbOPe++KD7DQA4+jAf3vnGgEr6YBLK9ANSXPvmfVr+gV+k9jruNvo2jrb04hwS+Afqavc2EE74EP0i+M5yuP3jN4bvb9Zg+PpItP5ESFL4RVUc9VRNJPWAvwr3cyf68IGp3vjKlxr5KWSo9uuoAvTIfCD1tpTa+vZaJPt1/rT4Gqdy94vjrPsD/iz63APq9CQfYPYi3Yz0X9wI+uikhvxrCJD6wBEU+lrdrPsRnAT/GWBS+QsEPvkgLoj5QqPw7/iHuvkQgfT3e57a9OG+TPQThVr5o7sc+EDtVvU7o8T0FJkG+VjSvPv7GKL2W5ek89170vabs0DwvhCS+zMM7PX/RaT3M2i49dkYzvmulfzzKdGE94NYlvrQkVr2E+h2/eCidPg5eYr5Zmig/EMVqvVJpkD3MsDe+7ePqvaVcIT0nx8U+LCNevxLuRb9sgs08St6GPoF58z5WOD2+seCfvTQrFD4d+MC9cRpuPkeEwb5Ydrw9uVKxPbYmsT169eA+uGzDOx61tD2kRQI+Zg++PKGFur6kw96+XjhlPa7QZj+QYIe+IuSJvb9v+r5R1SA+5sEnvoSt4j12oxC/A0N4PlnMdb5WkKc91Q3aPkBdMjxXHDQ+8IV4vug4Rb5cpEs+PJISPodDU75eJom+qQkEvwPyZ73seT48aMQ0PumOT746JKa9LFuivR4Gmj96u4W8PA5Evje7nD2JyIG+KoEvvcaXqj3E4w2+tIoKPhYMrD1P5zu+Ro2wvbdavb2gzt+6s3a8PUDbFz5KLzo+hIrvvD9ISj7/giE/Cg5JvsIQOLz/d0A+kEmtPQOruj3YTQg+6pBfPuDsTb4leDI+eXSOPsZLWz/cJLk/YLh7PdDlUTx4v4m+9MUYv5EFBT30F3i+zLOivHicOr7Sl7m97WKOvxIxFD7eBVe+lnVtvpahyTwwqJs7ihWePoUZn70kqx++LMGdvMaDmr0ffaC9AONzOXzR/TxEDd69HkVovkjYE74m+Vk9KO80vRJqc799jMe9QgPxvGFSnz5czZ4+nyflPZVHnL4I+bK8HFyYPdrACj2YzA0+aGfCvWMoKz5IIHc9G6ijPecmlb39znu+joOUvRKqt706wWk+5/e/PxZZE77djTk+JoK2PThEAr+YKb49OkcSv7g8qD1W6rY9JaqPPmz5nD7HXoc/6g4yPqDkvD2ahXs+knetvb0XKT1Q964+2KoZPBNLLb/MMxO9PHMLvqwUQb7nGn28kp2oPV4phL6m8p296mOBvkR7xj0XCrW9YgBrPeavlT62auC+XihrP1TzBT7SepO+ilydPnwzDj4UzZ0+KBIRvXkUz71jsao9GQhQPqCYhb4znSW+VwN+vpGNpb5WcrW+U3pPPbJcjz6QYA+80+IYPoqRJr/7OPW9cAAZvhp8tD3vQnG+7JIxvVSttD2cq0C90Nj+vBHuIj5cmBK+rG8GPzbAa7/ZcQw+8AHmPgCb3z0HF0y+gnicvxl4SD+ujVS/dI1avVRKtbyhVU0/uGs0v0LlAb4wwgo/dL5tvkDYPD6yuVG+htZ4v+j4Cj46zia+ZJcHPPh4Y74Sliw/b2otvjZmpjzsO0o/BRDCPeo2L776ZQ6/LZk/vopOlr7Q7f67th7OP/HGpT5kM5y9Diwdvr7IXr67bqk9PNUHvXi0gT1o0cU/dJMYP9H68r0otsu+Eu+XvOrRZb2Tqug9J8qPPfRIWD568Sk9NAK5PUA3jD1YTtq96C/9vV6eAr5oWCK9jwafPstZF7/ojd88X79YPovoxzwAnYS8NKDbv5pjPD4taAu+GpZbP/x9xryzsLA9twwhPWvxPz7h99+9F3sWvow+sD224t+9guCIPaP4mL4ZQ0y+lvMKvjL4Sr72oY69Ap2cvcKjuT0F3p8+UrYFv13+Eb75nGu+/8fQPufkqL5Tnq4/6h9Evr59pj3sogi8VpKSPRsAaz4VeJO+RhMQPeEI+D0UVZQ9T3cAPgIFfz5wng++nz2oPAobVT1d2gE+uQFVvsj777xhz729dmvqvURw5T0sjN29dYrIPoNBtr4N8ii9gbCivhoZr75Xr5o+WIpPPeIOJT6aKPG9zNsKPoTVRD46A2m+ilVBPn4auT6+ApQ/2h22vO4HH75kDAY+rtKBPlDKozsIJRS+usOmPpiFlT38Dt49lHOovanThz61WMk+gJwLvdBD8TxHf2w+/4WevjgJJz6MUai/OoqXPmhSQLyOGB2+vzEKPvIMOr/0fNQ9mraFvZo65b3p2B6+IKKLu9ILoD2GJaI/pukGPrm+sT/rv2e+znZ5vmm4Kj4j7Q+/8CHdO0jRqD25rIo9NAwhPnjOcLyT9Lq+dVlsvrru272Xaai9Gv5bPgL8jT4m8A8+QiCKPie/RT6IRia+8M4QP9mPDT0eQW4+GitBPurmkz8KkMC8oGUQvO++Nr4sHSw/XChJPQ7ADr4WzK+9cYYoPrzYPD8FqmA9oAQsPdSbET4crHi9rdMqvuv29LyfD5o/rKsmPqxXAL7cF169gGZ5PdlPlz8AMoU92sEtvxrQOb9p9jQ+iwwUvgpweL5g9um9n9aBvRaJ8L1sgSI/Jp7HvSa1B7zlc1m+1RbXvYGMeDzMnCG+ieikvnh1hj90yoM9jStiPve8EL1QAF+8F75pv/gErb2ymBe+lT52vRa0mr/4VWO+ipSgvRgaOT6mg+W9Jj+MvUHdaj6v21S+2CrNvLznWr4bVaw9MyaKPYbaWr1gHIW9pvqwPmGyAj7CtCC9LHYUvtIVOb6sM8i/+MFoPU6bQD1WJeS9f+3zPWY8Wz4dA1A/NXXKvFY5hj6mS08+YGvDPYEfjD8A7Ck+i6wevrlSNL1QRLA+pDU7Pi+ZLz/YTGxBptqLvgkwYD+NN/Q+jzCCPfK2O75Mj2i/9PwuvrEyLb5+2XW9cPfBuylwPj3TdBG+AsYxvgrcHD/IQwu+h8kOvpswFD4lO9g9ATgxvjwg1LzE0aQ+XNcMP13R5L7kfoA+DIYRva6uaz6nvC4+hWTHvTqjGb4hHPG9gZPbPkQCe76MYSe+V8QGvjf5iT9+0ku9h6/nvdJYDL48UoW/i0YOPjOyEr+duoQ+BOkpvg8xFj40u6E9JyIJvz6Ljj65VYK9elZ+vaIauD2FdRk/UqLAPXqR0rwa0gg+/+0Vvsz9AL8DwPK9sok8v+7qT77SWTi93S5YPkTWgD7OhX2/8OjXvTCJj7tw1Da9iGQUvQCwl7sKlqw9YP65Pxagej8LuQY9hhkpvcYEob4qdbu8NWX5PexwL75kK2s+rqV0vtKerDyWhNK8HSNxvURVZb7npiI9VA2EPlAuvz462ho+QmeKP7BUurp4nQq9MH4NvkGlT79asn29L69MvRCZBb6WH3a/XQ1xvj33TT4ostw9yaDYPeVg8L0LlIs9sChOPk16Jr51Xf2+xFyDPkTQi70LFVQ+SKU4PmSIlr2Z5/K9udMpvkdc572rLrA/VlkvvcgHgTtEnJe9QLBQPpa2/7w6tuE906w0P5ROQ76Ikc29rD09Pjdqpb2ia02+YeZsPCxVqT3dQ9g+tK41vtTcsD1GxI4+XtikP9LFhT0oIge9GwQyv0aBVr4O8UM+6DkGPWDlhL22n/O9Am8XPl/u3Tz3VmO/XS+KPcjYED9L0+C8klr1PcDQabvwYgY8rZOUPkZdSz0VbaC9MOS7vLlYLL5iLhQ9tCZrP/HI0j7+vrq+R/2aPjW7Or+JCGA+1KwdvhtHt71Ub9Y9gGe9PgsBMj31kHA+cBeVvvw5jD5H8uC8QbXQvqj4pj75yFu+cr9dPaF5oj4YqDy+uOR6vgoToz4=,k05VTVBZAQB2AHsnZGVzY3InOiAnPGY0JywgJ2ZvcnRyYW5fb3JkZXInOiBGYWxzZSwgJ3NoYXBlJzogKDc2OCwpLCB9ICAgICAgICAgICAgICAgICAgICAgICAgICAgICAgICAgICAgICAgICAgICAgICAgICAgICAgICAgIAo8wQS+qlK6PrNMLD1e+1C9gAHxOxaRPr4DTvO9Fd0DPSLrlDxFo7S9w4goPtvd6D4+Lxq+ch0ZPDqYfz7odIc82HOaPYxvsz3OQDQ9PKelPTZOOb6A7Ra9ti1pPmBipT3JldI+zmitvC6EkD5HdXs+sp7PPBW42D5+xS+90KMovE/Lqj+c0AG+3nQ4Pqjpir0ULJi8lPCSPr3fCr6QpqQ8B8PHvl5bFLz3hGy/Sz0xPsLTvT5+3Yu8kL3gPPA7hT4ZuMO9KgbOPe++KD7DQA4+jAf3vnGgEr6YBLK9ANSXPvmfVr+gV+k9jruNvo2jrb04hwS+Afqavc2EE74EP0i+M5yuP3jN4bvb9Zg+PpItP5ESFL4RVUc9VRNJPWAvwr3cyf68IGp3vjKlxr5KWSo9uuoAvTIfCD1tpTa+vZaJPt1/rT4Gqdy94vjrPsD/iz63APq9CQfYPYi3Yz0X9wI+uikhvxrCJD6wBEU+lrdrPsRnAT/GWBS+QsEPvkgLoj5QqPw7/iHuvkQgfT3e57a9OG+TPQThVr5o7sc+EDtVvU7o8T0FJkG+VjSvPv7GKL2W5ek89170vabs0DwvhCS+zMM7PX/RaT3M2i49dkYzvmulfzzKdGE94NYlvrQkVr2E+h2/eCidPg5eYr5Zmig/EMVqvVJpkD3MsDe+7ePqvaVcIT0nx8U+LCNevxLuRb9sgs08St6GPoF58z5WOD2+seCfvTQrFD4d+MC9cRpuPkeEwb5Ydrw9uVKxPbYmsT169eA+uGzDOx61tD2kRQI+Zg++PKGFur6kw96+XjhlPa7QZj+QYIe+IuSJvb9v+r5R1SA+5sEnvoSt4j12oxC/A0N4PlnMdb5WkKc91Q3aPkBdMjxXHDQ+8IV4vug4Rb5cpEs+PJISPodDU75eJom+qQkEvwPyZ73seT48aMQ0PumOT746JKa9LFuivR4Gmj96u4W8PA5Evje7nD2JyIG+KoEvvcaXqj3E4w2+tIoKPhYMrD1P5zu+Ro2wvbdavb2gzt+6s3a8PUDbFz5KLzo+hIrvvD9ISj7/giE/Cg5JvsIQOLz/d0A+kEmtPQOruj3YTQg+6pBfPuDsTb4leDI+eXSOPsZLWz/cJLk/YLh7PdDlUTx4v4m+9MUYv5EFBT30F3i+zLOivHicOr7Sl7m97WKOvxIxFD7eBVe+lnVtvpahyTwwqJs7ihWePoUZn70kqx++LMGdvMaDmr0ffaC9AONzOXzR/TxEDd69HkVovkjYE74m+Vk9KO80vRJqc799jMe9QgPxvGFSnz5czZ4+nyflPZVHnL4I+bK8HFyYPdrACj2YzA0+aGfCvWMoKz5IIHc9G6ijPecmlb39znu+joOUvRKqt706wWk+5/e/PxZZE77djTk+JoK2PThEAr+YKb49OkcSv7g8qD1W6rY9JaqPPmz5nD7HXoc/6g4yPqDkvD2ahXs+knetvb0XKT1Q964+2KoZPBNLLb/MMxO9PHMLvqwUQb7nGn28kp2oPV4phL6m8p296mOBvkR7xj0XCrW9YgBrPeavlT62auC+XihrP1TzBT7SepO+ilydPnwzDj4UzZ0+KBIRvXkUz71jsao9GQhQPqCYhb4znSW+VwN+vpGNpb5WcrW+U3pPPbJcjz6QYA+80+IYPoqRJr/7OPW9cAAZvhp8tD3vQnG+7JIxvVSttD2cq0C90Nj+vBHuIj5cmBK+rG8GPzbAa7/ZcQw+8AHmPgCb3z0HF0y+gnicvxl4SD+ujVS/dI1avVRKtbyhVU0/uGs0v0LlAb4wwgo/dL5tvkDYPD6yuVG+htZ4v+j4Cj46zia+ZJcHPPh4Y74Sliw/b2otvjZmpjzsO0o/BRDCPeo2L776ZQ6/LZk/vopOlr7Q7f67th7OP/HGpT5kM5y9Diwdvr7IXr67bqk9PNUHvXi0gT1o0cU/dJMYP9H68r0otsu+Eu+XvOrRZb2Tqug9J8qPPfRIWD568Sk9NAK5PUA3jD1YTtq96C/9vV6eAr5oWCK9jwafPstZF7/ojd88X79YPovoxzwAnYS8NKDbv5pjPD4taAu+GpZbP/x9xryzsLA9twwhPWvxPz7h99+9F3sWvow+sD224t+9guCIPaP4mL4ZQ0y+lvMKvjL4Sr72oY69Ap2cvcKjuT0F3p8+UrYFv13+Eb75nGu+/8fQPufkqL5Tnq4/6h9Evr59pj3sogi8VpKSPRsAaz4VeJO+RhMQPeEI+D0UVZQ9T3cAPgIFfz5wng++nz2oPAobVT1d2gE+uQFVvsj777xhz729dmvqvURw5T0sjN29dYrIPoNBtr4N8ii9gbCivhoZr75Xr5o+WIpPPeIOJT6aKPG9zNsKPoTVRD46A2m+ilVBPn4auT6+ApQ/2h22vO4HH75kDAY+rtKBPlDKozsIJRS+usOmPpiFlT38Dt49lHOovanThz61WMk+gJwLvdBD8TxHf2w+/4WevjgJJz6MUai/OoqXPmhSQLyOGB2+vzEKPvIMOr/0fNQ9mraFvZo65b3p2B6+IKKLu9ILoD2GJaI/pukGPrm+sT/rv2e+znZ5vmm4Kj4j7Q+/8CHdO0jRqD25rIo9NAwhPnjOcLyT9Lq+dVlsvrru272Xaai9Gv5bPgL8jT4m8A8+QiCKPie/RT6IRia+8M4QP9mPDT0eQW4+GitBPurmkz8KkMC8oGUQvO++Nr4sHSw/XChJPQ7ADr4WzK+9cYYoPrzYPD8FqmA9oAQsPdSbET4crHi9rdMqvuv29LyfD5o/rKsmPqxXAL7cF169gGZ5PdlPlz8AMoU92sEtvxrQOb9p9jQ+iwwUvgpweL5g9um9n9aBvRaJ8L1sgSI/Jp7HvSa1B7zlc1m+1RbXvYGMeDzMnCG+ieikvnh1hj90yoM9jStiPve8EL1QAF+8F75pv/gErb2ymBe+lT52vRa0mr/4VWO+ipSgvRgaOT6mg+W9Jj+MvUHdaj6v21S+2CrNvLznWr4bVaw9MyaKPYbaWr1gHIW9pvqwPmGyAj7CtCC9LHYUvtIVOb6sM8i/+MFoPU6bQD1WJeS9f+3zPWY8Wz4dA1A/NXXKvFY5hj6mS08+YGvDPYEfjD8A7Ck+i6wevrlSNL1QRLA+pDU7Pi+ZLz/YTGxBptqLvgkwYD+NN/Q+jzCCPfK2O75Mj2i/9PwuvrEyLb5+2XW9cPfBuylwPj3TdBG+AsYxvgrcHD/IQwu+h8kOvpswFD4lO9g9ATgxvjwg1LzE0aQ+XNcMP13R5L7kfoA+DIYRva6uaz6nvC4+hWTHvTqjGb4hHPG9gZPbPkQCe76MYSe+V8QGvjf5iT9+0ku9h6/nvdJYDL48UoW/i0YOPjOyEr+duoQ+BOkpvg8xFj40u6E9JyIJvz6Ljj65VYK9elZ+vaIauD2FdRk/UqLAPXqR0rwa0gg+/+0Vvsz9AL8DwPK9sok8v+7qT77SWTi93S5YPkTWgD7OhX2/8OjXvTCJj7tw1Da9iGQUvQCwl7sKlqw9YP65Pxagej8LuQY9hhkpvcYEob4qdbu8NWX5PexwL75kK2s+rqV0vtKerDyWhNK8HSNxvURVZb7npiI9VA2EPlAuvz462ho+QmeKP7BUurp4nQq9MH4NvkGlT79asn29L69MvRCZBb6WH3a/XQ1xvj33TT4ostw9yaDYPeVg8L0LlIs9sChOPk16Jr51Xf2+xFyDPkTQi70LFVQ+SKU4PmSIlr2Z5/K9udMpvkdc572rLrA/VlkvvcgHgTtEnJe9QLBQPpa2/7w6tuE906w0P5ROQ76Ikc29rD09Pjdqpb2ia02+YeZsPCxVqT3dQ9g+tK41vtTcsD1GxI4+XtikP9LFhT0oIge9GwQyv0aBVr4O8UM+6DkGPWDlhL22n/O9Am8XPl/u3Tz3VmO/XS+KPcjYED9L0+C8klr1PcDQabvwYgY8rZOUPkZdSz0VbaC9MOS7vLlYLL5iLhQ9tCZrP/HI0j7+vrq+R/2aPjW7Or+JCGA+1KwdvhtHt71Ub9Y9gGe9PgsBMj31kHA+cBeVvvw5jD5H8uC8QbXQvqj4pj75yFu+cr9dPaF5oj4YqDy+uOR6vgoToz4=
4,1,0,965272717,0,4892,0,k05VTVBZAQB2AHsnZGVzY3InOiAnPGY0JywgJ2ZvcnRyYW5fb3JkZXInOiBGYWxzZSwgJ3NoYXBlJzogKDc2OCwpLCB9ICAgICAgICAgICAgICAgICAgICAgICAgICAgICAgICAgICAgICAgICAgICAgICAgICAgICAgICAgIAo8wQS+qlK6PrNMLD1e+1C9gAHxOxaRPr4DTvO9Fd0DPSLrlDxFo7S9w4goPtvd6D4+Lxq+ch0ZPDqYfz7odIc82HOaPYxvsz3OQDQ9PKelPTZOOb6A7Ra9ti1pPmBipT3JldI+zmitvC6EkD5HdXs+sp7PPBW42D5+xS+90KMovE/Lqj+c0AG+3nQ4Pqjpir0ULJi8lPCSPr3fCr6QpqQ8B8PHvl5bFLz3hGy/Sz0xPsLTvT5+3Yu8kL3gPPA7hT4ZuMO9KgbOPe++KD7DQA4+jAf3vnGgEr6YBLK9ANSXPvmfVr+gV+k9jruNvo2jrb04hwS+Afqavc2EE74EP0i+M5yuP3jN4bvb9Zg+PpItP5ESFL4RVUc9VRNJPWAvwr3cyf68IGp3vjKlxr5KWSo9uuoAvTIfCD1tpTa+vZaJPt1/rT4Gqdy94vjrPsD/iz63APq9CQfYPYi3Yz0X9wI+uikhvxrCJD6wBEU+lrdrPsRnAT/GWBS+QsEPvkgLoj5QqPw7/iHuvkQgfT3e57a9OG+TPQThVr5o7sc+EDtVvU7o8T0FJkG+VjSvPv7GKL2W5ek89170vabs0DwvhCS+zMM7PX/RaT3M2i49dkYzvmulfzzKdGE94NYlvrQkVr2E+h2/eCidPg5eYr5Zmig/EMVqvVJpkD3MsDe+7ePqvaVcIT0nx8U+LCNevxLuRb9sgs08St6GPoF58z5WOD2+seCfvTQrFD4d+MC9cRpuPkeEwb5Ydrw9uVKxPbYmsT169eA+uGzDOx61tD2kRQI+Zg++PKGFur6kw96+XjhlPa7QZj+QYIe+IuSJvb9v+r5R1SA+5sEnvoSt4j12oxC/A0N4PlnMdb5WkKc91Q3aPkBdMjxXHDQ+8IV4vug4Rb5cpEs+PJISPodDU75eJom+qQkEvwPyZ73seT48aMQ0PumOT746JKa9LFuivR4Gmj96u4W8PA5Evje7nD2JyIG+KoEvvcaXqj3E4w2+tIoKPhYMrD1P5zu+Ro2wvbdavb2gzt+6s3a8PUDbFz5KLzo+hIrvvD9ISj7/giE/Cg5JvsIQOLz/d0A+kEmtPQOruj3YTQg+6pBfPuDsTb4leDI+eXSOPsZLWz/cJLk/YLh7PdDlUTx4v4m+9MUYv5EFBT30F3i+zLOivHicOr7Sl7m97WKOvxIxFD7eBVe+lnVtvpahyTwwqJs7ihWePoUZn70kqx++LMGdvMaDmr0ffaC9AONzOXzR/TxEDd69HkVovkjYE74m+Vk9KO80vRJqc799jMe9QgPxvGFSnz5czZ4+nyflPZVHnL4I+bK8HFyYPdrACj2YzA0+aGfCvWMoKz5IIHc9G6ijPecmlb39znu+joOUvRKqt706wWk+5/e/PxZZE77djTk+JoK2PThEAr+YKb49OkcSv7g8qD1W6rY9JaqPPmz5nD7HXoc/6g4yPqDkvD2ahXs+knetvb0XKT1Q964+2KoZPBNLLb/MMxO9PHMLvqwUQb7nGn28kp2oPV4phL6m8p296mOBvkR7xj0XCrW9YgBrPeavlT62auC+XihrP1TzBT7SepO+ilydPnwzDj4UzZ0+KBIRvXkUz71jsao9GQhQPqCYhb4znSW+VwN+vpGNpb5WcrW+U3pPPbJcjz6QYA+80+IYPoqRJr/7OPW9cAAZvhp8tD3vQnG+7JIxvVSttD2cq0C90Nj+vBHuIj5cmBK+rG8GPzbAa7/ZcQw+8AHmPgCb3z0HF0y+gnicvxl4SD+ujVS/dI1avVRKtbyhVU0/uGs0v0LlAb4wwgo/dL5tvkDYPD6yuVG+htZ4v+j4Cj46zia+ZJcHPPh4Y74Sliw/b2otvjZmpjzsO0o/BRDCPeo2L776ZQ6/LZk/vopOlr7Q7f67th7OP/HGpT5kM5y9Diwdvr7IXr67bqk9PNUHvXi0gT1o0cU/dJMYP9H68r0otsu+Eu+XvOrRZb2Tqug9J8qPPfRIWD568Sk9NAK5PUA3jD1YTtq96C/9vV6eAr5oWCK9jwafPstZF7/ojd88X79YPovoxzwAnYS8NKDbv5pjPD4taAu+GpZbP/x9xryzsLA9twwhPWvxPz7h99+9F3sWvow+sD224t+9guCIPaP4mL4ZQ0y+lvMKvjL4Sr72oY69Ap2cvcKjuT0F3p8+UrYFv13+Eb75nGu+/8fQPufkqL5Tnq4/6h9Evr59pj3sogi8VpKSPRsAaz4VeJO+RhMQPeEI+D0UVZQ9T3cAPgIFfz5wng++nz2oPAobVT1d2gE+uQFVvsj777xhz729dmvqvURw5T0sjN29dYrIPoNBtr4N8ii9gbCivhoZr75Xr5o+WIpPPeIOJT6aKPG9zNsKPoTVRD46A2m+ilVBPn4auT6+ApQ/2h22vO4HH75kDAY+rtKBPlDKozsIJRS+usOmPpiFlT38Dt49lHOovanThz61WMk+gJwLvdBD8TxHf2w+/4WevjgJJz6MUai/OoqXPmhSQLyOGB2+vzEKPvIMOr/0fNQ9mraFvZo65b3p2B6+IKKLu9ILoD2GJaI/pukGPrm+sT/rv2e+znZ5vmm4Kj4j7Q+/8CHdO0jRqD25rIo9NAwhPnjOcLyT9Lq+dVlsvrru272Xaai9Gv5bPgL8jT4m8A8+QiCKPie/RT6IRia+8M4QP9mPDT0eQW4+GitBPurmkz8KkMC8oGUQvO++Nr4sHSw/XChJPQ7ADr4WzK+9cYYoPrzYPD8FqmA9oAQsPdSbET4crHi9rdMqvuv29LyfD5o/rKsmPqxXAL7cF169gGZ5PdlPlz8AMoU92sEtvxrQOb9p9jQ+iwwUvgpweL5g9um9n9aBvRaJ8L1sgSI/Jp7HvSa1B7zlc1m+1RbXvYGMeDzMnCG+ieikvnh1hj90yoM9jStiPve8EL1QAF+8F75pv/gErb2ymBe+lT52vRa0mr/4VWO+ipSgvRgaOT6mg+W9Jj+MvUHdaj6v21S+2CrNvLznWr4bVaw9MyaKPYbaWr1gHIW9pvqwPmGyAj7CtCC9LHYUvtIVOb6sM8i/+MFoPU6bQD1WJeS9f+3zPWY8Wz4dA1A/NXXKvFY5hj6mS08+YGvDPYEfjD8A7Ck+i6wevrlSNL1QRLA+pDU7Pi+ZLz/YTGxBptqLvgkwYD+NN/Q+jzCCPfK2O75Mj2i/9PwuvrEyLb5+2XW9cPfBuylwPj3TdBG+AsYxvgrcHD/IQwu+h8kOvpswFD4lO9g9ATgxvjwg1LzE0aQ+XNcMP13R5L7kfoA+DIYRva6uaz6nvC4+hWTHvTqjGb4hHPG9gZPbPkQCe76MYSe+V8QGvjf5iT9+0ku9h6/nvdJYDL48UoW/i0YOPjOyEr+duoQ+BOkpvg8xFj40u6E9JyIJvz6Ljj65VYK9elZ+vaIauD2FdRk/UqLAPXqR0rwa0gg+/+0Vvsz9AL8DwPK9sok8v+7qT77SWTi93S5YPkTWgD7OhX2/8OjXvTCJj7tw1Da9iGQUvQCwl7sKlqw9YP65Pxagej8LuQY9hhkpvcYEob4qdbu8NWX5PexwL75kK2s+rqV0vtKerDyWhNK8HSNxvURVZb7npiI9VA2EPlAuvz462ho+QmeKP7BUurp4nQq9MH4NvkGlT79asn29L69MvRCZBb6WH3a/XQ1xvj33TT4ostw9yaDYPeVg8L0LlIs9sChOPk16Jr51Xf2+xFyDPkTQi70LFVQ+SKU4PmSIlr2Z5/K9udMpvkdc572rLrA/VlkvvcgHgTtEnJe9QLBQPpa2/7w6tuE906w0P5ROQ76Ikc29rD09Pjdqpb2ia02+YeZsPCxVqT3dQ9g+tK41vtTcsD1GxI4+XtikP9LFhT0oIge9GwQyv0aBVr4O8UM+6DkGPWDlhL22n/O9Am8XPl/u3Tz3VmO/XS+KPcjYED9L0+C8klr1PcDQabvwYgY8rZOUPkZdSz0VbaC9MOS7vLlYLL5iLhQ9tCZrP/HI0j7+vrq+R/2aPjW7Or+JCGA+1KwdvhtHt71Ub9Y9gGe9PgsBMj31kHA+cBeVvvw5jD5H8uC8QbXQvqj4pj75yFu+cr9dPaF5oj4YqDy+uOR6vgoToz4=,k05VTVBZAQB2AHsnZGVzY3InOiAnPGY0JywgJ2ZvcnRyYW5fb3JkZXInOiBGYWxzZSwgJ3NoYXBlJzogKDc2OCwpLCB9ICAgICAgICAgICAgICAgICAgICAgICAgICAgICAgICAgICAgICAgICAgICAgICAgICAgICAgICAgIAo8wQS+qlK6PrNMLD1e+1C9gAHxOxaRPr4DTvO9Fd0DPSLrlDxFo7S9w4goPtvd6D4+Lxq+ch0ZPDqYfz7odIc82HOaPYxvsz3OQDQ9PKelPTZOOb6A7Ra9ti1pPmBipT3JldI+zmitvC6EkD5HdXs+sp7PPBW42D5+xS+90KMovE/Lqj+c0AG+3nQ4Pqjpir0ULJi8lPCSPr3fCr6QpqQ8B8PHvl5bFLz3hGy/Sz0xPsLTvT5+3Yu8kL3gPPA7hT4ZuMO9KgbOPe++KD7DQA4+jAf3vnGgEr6YBLK9ANSXPvmfVr+gV+k9jruNvo2jrb04hwS+Afqavc2EE74EP0i+M5yuP3jN4bvb9Zg+PpItP5ESFL4RVUc9VRNJPWAvwr3cyf68IGp3vjKlxr5KWSo9uuoAvTIfCD1tpTa+vZaJPt1/rT4Gqdy94vjrPsD/iz63APq9CQfYPYi3Yz0X9wI+uikhvxrCJD6wBEU+lrdrPsRnAT/GWBS+QsEPvkgLoj5QqPw7/iHuvkQgfT3e57a9OG+TPQThVr5o7sc+EDtVvU7o8T0FJkG+VjSvPv7GKL2W5ek89170vabs0DwvhCS+zMM7PX/RaT3M2i49dkYzvmulfzzKdGE94NYlvrQkVr2E+h2/eCidPg5eYr5Zmig/EMVqvVJpkD3MsDe+7ePqvaVcIT0nx8U+LCNevxLuRb9sgs08St6GPoF58z5WOD2+seCfvTQrFD4d+MC9cRpuPkeEwb5Ydrw9uVKxPbYmsT169eA+uGzDOx61tD2kRQI+Zg++PKGFur6kw96+XjhlPa7QZj+QYIe+IuSJvb9v+r5R1SA+5sEnvoSt4j12oxC/A0N4PlnMdb5WkKc91Q3aPkBdMjxXHDQ+8IV4vug4Rb5cpEs+PJISPodDU75eJom+qQkEvwPyZ73seT48aMQ0PumOT746JKa9LFuivR4Gmj96u4W8PA5Evje7nD2JyIG+KoEvvcaXqj3E4w2+tIoKPhYMrD1P5zu+Ro2wvbdavb2gzt+6s3a8PUDbFz5KLzo+hIrvvD9ISj7/giE/Cg5JvsIQOLz/d0A+kEmtPQOruj3YTQg+6pBfPuDsTb4leDI+eXSOPsZLWz/cJLk/YLh7PdDlUTx4v4m+9MUYv5EFBT30F3i+zLOivHicOr7Sl7m97WKOvxIxFD7eBVe+lnVtvpahyTwwqJs7ihWePoUZn70kqx++LMGdvMaDmr0ffaC9AONzOXzR/TxEDd69HkVovkjYE74m+Vk9KO80vRJqc799jMe9QgPxvGFSnz5czZ4+nyflPZVHnL4I+bK8HFyYPdrACj2YzA0+aGfCvWMoKz5IIHc9G6ijPecmlb39znu+joOUvRKqt706wWk+5/e/PxZZE77djTk+JoK2PThEAr+YKb49OkcSv7g8qD1W6rY9JaqPPmz5nD7HXoc/6g4yPqDkvD2ahXs+knetvb0XKT1Q964+2KoZPBNLLb/MMxO9PHMLvqwUQb7nGn28kp2oPV4phL6m8p296mOBvkR7xj0XCrW9YgBrPeavlT62auC+XihrP1TzBT7SepO+ilydPnwzDj4UzZ0+KBIRvXkUz71jsao9GQhQPqCYhb4znSW+VwN+vpGNpb5WcrW+U3pPPbJcjz6QYA+80+IYPoqRJr/7OPW9cAAZvhp8tD3vQnG+7JIxvVSttD2cq0C90Nj+vBHuIj5cmBK+rG8GPzbAa7/ZcQw+8AHmPgCb3z0HF0y+gnicvxl4SD+ujVS/dI1avVRKtbyhVU0/uGs0v0LlAb4wwgo/dL5tvkDYPD6yuVG+htZ4v+j4Cj46zia+ZJcHPPh4Y74Sliw/b2otvjZmpjzsO0o/BRDCPeo2L776ZQ6/LZk/vopOlr7Q7f67th7OP/HGpT5kM5y9Diwdvr7IXr67bqk9PNUHvXi0gT1o0cU/dJMYP9H68r0otsu+Eu+XvOrRZb2Tqug9J8qPPfRIWD568Sk9NAK5PUA3jD1YTtq96C/9vV6eAr5oWCK9jwafPstZF7/ojd88X79YPovoxzwAnYS8NKDbv5pjPD4taAu+GpZbP/x9xryzsLA9twwhPWvxPz7h99+9F3sWvow+sD224t+9guCIPaP4mL4ZQ0y+lvMKvjL4Sr72oY69Ap2cvcKjuT0F3p8+UrYFv13+Eb75nGu+/8fQPufkqL5Tnq4/6h9Evr59pj3sogi8VpKSPRsAaz4VeJO+RhMQPeEI+D0UVZQ9T3cAPgIFfz5wng++nz2oPAobVT1d2gE+uQFVvsj777xhz729dmvqvURw5T0sjN29dYrIPoNBtr4N8ii9gbCivhoZr75Xr5o+WIpPPeIOJT6aKPG9zNsKPoTVRD46A2m+ilVBPn4auT6+ApQ/2h22vO4HH75kDAY+rtKBPlDKozsIJRS+usOmPpiFlT38Dt49lHOovanThz61WMk+gJwLvdBD8TxHf2w+/4WevjgJJz6MUai/OoqXPmhSQLyOGB2+vzEKPvIMOr/0fNQ9mraFvZo65b3p2B6+IKKLu9ILoD2GJaI/pukGPrm+sT/rv2e+znZ5vmm4Kj4j7Q+/8CHdO0jRqD25rIo9NAwhPnjOcLyT9Lq+dVlsvrru272Xaai9Gv5bPgL8jT4m8A8+QiCKPie/RT6IRia+8M4QP9mPDT0eQW4+GitBPurmkz8KkMC8oGUQvO++Nr4sHSw/XChJPQ7ADr4WzK+9cYYoPrzYPD8FqmA9oAQsPdSbET4crHi9rdMqvuv29LyfD5o/rKsmPqxXAL7cF169gGZ5PdlPlz8AMoU92sEtvxrQOb9p9jQ+iwwUvgpweL5g9um9n9aBvRaJ8L1sgSI/Jp7HvSa1B7zlc1m+1RbXvYGMeDzMnCG+ieikvnh1hj90yoM9jStiPve8EL1QAF+8F75pv/gErb2ymBe+lT52vRa0mr/4VWO+ipSgvRgaOT6mg+W9Jj+MvUHdaj6v21S+2CrNvLznWr4bVaw9MyaKPYbaWr1gHIW9pvqwPmGyAj7CtCC9LHYUvtIVOb6sM8i/+MFoPU6bQD1WJeS9f+3zPWY8Wz4dA1A/NXXKvFY5hj6mS08+YGvDPYEfjD8A7Ck+i6wevrlSNL1QRLA+pDU7Pi+ZLz/YTGxBptqLvgkwYD+NN/Q+jzCCPfK2O75Mj2i/9PwuvrEyLb5+2XW9cPfBuylwPj3TdBG+AsYxvgrcHD/IQwu+h8kOvpswFD4lO9g9ATgxvjwg1LzE0aQ+XNcMP13R5L7kfoA+DIYRva6uaz6nvC4+hWTHvTqjGb4hHPG9gZPbPkQCe76MYSe+V8QGvjf5iT9+0ku9h6/nvdJYDL48UoW/i0YOPjOyEr+duoQ+BOkpvg8xFj40u6E9JyIJvz6Ljj65VYK9elZ+vaIauD2FdRk/UqLAPXqR0rwa0gg+/+0Vvsz9AL8DwPK9sok8v+7qT77SWTi93S5YPkTWgD7OhX2/8OjXvTCJj7tw1Da9iGQUvQCwl7sKlqw9YP65Pxagej8LuQY9hhkpvcYEob4qdbu8NWX5PexwL75kK2s+rqV0vtKerDyWhNK8HSNxvURVZb7npiI9VA2EPlAuvz462ho+QmeKP7BUurp4nQq9MH4NvkGlT79asn29L69MvRCZBb6WH3a/XQ1xvj33TT4ostw9yaDYPeVg8L0LlIs9sChOPk16Jr51Xf2+xFyDPkTQi70LFVQ+SKU4PmSIlr2Z5/K9udMpvkdc572rLrA/VlkvvcgHgTtEnJe9QLBQPpa2/7w6tuE906w0P5ROQ76Ikc29rD09Pjdqpb2ia02+YeZsPCxVqT3dQ9g+tK41vtTcsD1GxI4+XtikP9LFhT0oIge9GwQyv0aBVr4O8UM+6DkGPWDlhL22n/O9Am8XPl/u3Tz3VmO/XS+KPcjYED9L0+C8klr1PcDQabvwYgY8rZOUPkZdSz0VbaC9MOS7vLlYLL5iLhQ9tCZrP/HI0j7+vrq+R/2aPjW7Or+JCGA+1KwdvhtHt71Ub9Y9gGe9PgsBMj31kHA+cBeVvvw5jD5H8uC8QbXQvqj4pj75yFu+cr9dPaF5oj4YqDy+uOR6vgoToz4=
